LAYERS 47
LAYER 0 96 293732352
TENSOR ffn_down_exps 441187328 1290240
TENSOR ffn_gate_exps 606338048 884736
TENSOR ffn_up_exps 720641024 884736
PINS 66 30 95 68 33 41 82 124 34 118 80 64 86 122 62 56 101 47 0 11 87 91 72 28 105 9 92 89 12 38 71 63 46 3 116 2 125 126 111 83 22 17 4 29 67 37 32 78 36 42 19 21 27 24 70 23 55 20 7 44 51 74 75 52 110 90 18 113 97 77 69 39 10 112 14 79 103 48 104 50 25 6 5 57 73 13 106 31 109 15 114 123 54 117 93 49
LAYER 1 96 293732352
TENSOR ffn_down_exps 844783616 1290240
TENSOR ffn_gate_exps 1009934336 884736
TENSOR ffn_up_exps 1124237312 884736
PINS 2 115 77 4 32 8 76 62 14 122 113 73 74 116 69 45 52 31 19 67 28 11 57 105 60 86 66 61 49 42 109 9 22 48 56 51 123 91 37 75 55 126 34 20 103 54 89 44 3 59 38 68 92 88 16 25 78 33 24 72 7 106 47 30 96 39 13 46 85 90 114 81 95 63 104 117 93 118 43 17 101 97 21 53 71 0 5 107 111 99 58 83 124 98 36 29
LAYER 2 96 293732352
TENSOR ffn_down_exps 1248379904 1290240
TENSOR ffn_gate_exps 1413530624 884736
TENSOR ffn_up_exps 1527833600 884736
PINS 41 125 115 64 118 7 61 50 126 77 0 67 62 59 102 51 112 49 85 68 6 4 127 107 10 121 70 120 104 94 24 44 97 71 5 100 36 47 25 18 15 65 124 42 119 52 20 108 33 55 27 73 81 103 46 95 22 106 69 111 74 23 63 32 17 54 83 1 76 29 78 91 48 45 60 101 89 16 34 40 123 14 2 56 109 86 43 26 9 13 57 117 53 19 28 12
LAYER 3 96 293732352
TENSOR ffn_down_exps 1651976192 1290240
TENSOR ffn_gate_exps 1817126912 884736
TENSOR ffn_up_exps 1931429888 884736
PINS 55 61 123 59 73 9 35 108 98 76 50 124 43 11 20 93 37 60 74 78 54 106 91 101 121 17 119 2 42 120 125 41 105 44 13 36 84 21 112 27 103 34 79 53 100 62 3 97 16 72 118 19 56 116 86 113 104 99 33 32 29 127 77 70 46 122 24 4 25 90 85 92 10 38 114 58 75 115 57 23 40 110 107 66 117 51 5 14 30 47 39 126 65 12 68 15
LAYER 4 96 293732352
TENSOR ffn_down_exps 2055572480 1290240
TENSOR ffn_gate_exps 2220723200 884736
TENSOR ffn_up_exps 2335026176 884736
PINS 113 97 37 9 11 73 80 54 20 118 1 52 62 15 34 38 44 40 18 101 51 82 86 60 7 47 122 29 102 126 59 104 70 32 12 13 109 78 45 48 93 28 57 121 19 108 120 125 63 98 119 67 90 96 26 69 30 4 92 27 81 46 68 10 36 105 5 21 24 58 8 116 112 74 75 117 16 111 77 53 72 61 88 107 6 87 50 3 83 110 23 71 55 103 33 65
LAYER 5 96 293732352
TENSOR ffn_down_exps 2459168768 1290240
TENSOR ffn_gate_exps 2624319488 884736
TENSOR ffn_up_exps 2738622464 884736
PINS 75 5 63 41 56 79 94 18 116 36 21 118 17 86 74 123 81 119 67 99 50 83 12 52 58 96 110 1 16 13 122 22 85 53 31 88 62 106 101 69 44 64 39 24 45 104 71 120 97 55 7 108 25 0 109 90 6 60 115 76 23 19 107 103 37 10 43 126 48 87 59 91 54 102 35 80 77 49 89 30 15 98 73 14 2 9 11 51 65 78 95 38 100 70 26 93
LAYER 6 96 254803968
TENSOR ffn_down_exps 2862494720 884736
TENSOR ffn_gate_exps 2975740928 884736
TENSOR ffn_up_exps 3090043904 884736
PINS 116 71 28 0 101 64 37 47 16 25 23 32 127 90 117 7 63 87 124 97 4 74 99 109 125 48 13 88 67 46 22 114 38 119 104 51 39 18 98 55 76 26 54 58 3 41 86 53 8 40 56 96 27 100 44 79 68 62 94 108 19 59 6 31 89 106 121 111 66 72 80 65 52 29 103 102 9 70 77 122 14 34 33 2 120 61 15 91 92 50 107 20 69 10 115 84
LAYER 7 96 254803968
TENSOR ffn_down_exps 3213916160 884736
TENSOR ffn_gate_exps 3327162368 884736
TENSOR ffn_up_exps 3441465344 884736
PINS 22 109 21 66 94 36 31 125 67 86 2 93 118 24 33 6 45 59 73 104 1 53 28 25 18 124 5 11 35 88 79 7 82 26 68 84 9 89 44 41 61 105 115 32 38 47 126 97 83 99 113 119 108 110 63 10 27 122 76 30 17 58 123 127 56 71 12 78 4 87 96 81 54 40 106 116 102 85 120 46 13 8 90 52 92 111 48 19 20 114 70 43 14 51 91 69
LAYER 8 96 293732352
TENSOR ffn_down_exps 3565607936 1290240
TENSOR ffn_gate_exps 3730758656 884736
TENSOR ffn_up_exps 3845061632 884736
PINS 38 82 86 61 80 55 22 126 72 104 69 13 47 90 67 45 17 42 91 48 93 3 5 106 56 78 97 96 33 105 24 57 21 6 119 115 117 62 15 2 88 110 4 111 51 43 29 37 70 100 107 92 60 116 127 118 46 122 53 124 8 0 123 103 68 44 20 74 26 27 9 7 18 49 94 1 36 23 35 98 34 99 77 114 125 76 108 40 66 102 32 50 63 95 75 120
LAYER 9 96 254803968
TENSOR ffn_down_exps 3968933888 884736
TENSOR ffn_gate_exps 4082180096 884736
TENSOR ffn_up_exps 4196483072 884736
PINS 97 57 89 66 82 69 32 71 24 15 70 10 79 49 91 81 27 106 64 126 0 5 96 77 35 80 59 52 118 58 104 87 7 23 4 78 99 72 12 46 2 86 124 116 75 60 40 19 84 1 50 38 25 56 94 65 30 103 6 26 36 92 51 114 109 85 76 111 33 41 108 11 112 102 28 121 14 37 68 61 29 34 105 55 123 62 88 54 63 122 43 53 95 17 98 73
LAYER 10 96 254803968
TENSOR ffn_down_exps 4320355328 884736
TENSOR ffn_gate_exps 4433601536 884736
TENSOR ffn_up_exps 4547904512 884736
PINS 85 43 91 2 94 35 69 26 29 50 98 70 7 3 30 25 41 33 18 71 13 111 80 126 103 59 37 112 110 17 32 58 120 53 75 82 97 34 16 22 52 10 86 55 0 21 74 118 127 67 5 115 66 99 122 38 84 72 116 36 88 54 49 65 47 125 106 1 51 109 8 15 92 42 76 20 44 9 89 100 40 73 104 95 68 114 77 96 62 124 113 28 19 101 81 14
LAYER 11 96 293732352
TENSOR ffn_down_exps 4672047104 1290240
TENSOR ffn_gate_exps 4837197824 884736
TENSOR ffn_up_exps 4951500800 884736
PINS 18 60 43 33 68 21 37 105 81 30 92 108 109 96 39 126 90 106 97 99 41 55 7 94 73 59 3 20 71 89 0 14 112 124 31 102 121 120 28 51 48 79 107 62 29 101 25 65 100 12 78 104 5 6 118 8 82 13 2 66 15 70 11 87 46 127 84 34 42 111 77 95 38 114 40 16 85 64 76 54 50 116 19 44 1 35 103 58 22 53 113 72 122 4 52 91
LAYER 12 96 254803968
TENSOR ffn_down_exps 5075373056 884736
TENSOR ffn_gate_exps 5188619264 884736
TENSOR ffn_up_exps 5302922240 884736
PINS 102 46 2 32 52 113 85 27 112 62 22 14 119 17 65 75 123 24 34 50 28 125 84 59 95 8 87 115 121 41 44 29 40 61 78 21 126 100 9 18 16 111 105 103 45 51 77 101 31 76 39 110 91 37 86 89 90 57 98 26 20 49 127 36 7 4 60 6 56 73 5 80 0 64 74 69 124 96 66 97 30 19 43 10 47 48 54 67 42 55 38 53 116 13 122 106
LAYER 13 96 254803968
TENSOR ffn_down_exps 5426794496 884736
TENSOR ffn_gate_exps 5540040704 884736
TENSOR ffn_up_exps 5654343680 884736
PINS 104 45 92 127 101 2 49 120 82 14 0 124 47 29 106 61 71 77 12 73 112 122 52 10 27 5 91 36 59 53 42 119 78 93 51 103 40 111 20 90 31 58 89 68 95 102 25 105 84 94 54 97 66 125 87 70 50 43 81 7 62 41 48 24 37 19 115 110 8 69 57 116 18 117 26 74 107 35 63 44 109 123 80 118 79 126 1 72 85 4 67 83 11 16 32 113
LAYER 14 96 293732352
TENSOR ffn_down_exps 5778486272 1290240
TENSOR ffn_gate_exps 5943636992 884736
TENSOR ffn_up_exps 6057939968 884736
PINS 115 38 55 75 16 36 102 37 44 125 23 110 107 95 76 53 6 108 91 77 7 22 62 31 14 85 93 89 92 3 99 121 80 64 30 111 57 15 29 109 2 66 47 0 9 5 88 71 120 40 61 24 35 69 100 13 103 101 81 94 70 112 51 124 82 84 104 4 86 45 19 50 46 26 74 114 60 105 33 25 87 83 27 59 10 34 97 123 90 18 49 117 1 12 98 78
LAYER 15 96 254803968
TENSOR ffn_down_exps 6181812224 884736
TENSOR ffn_gate_exps 6295058432 884736
TENSOR ffn_up_exps 6409361408 884736
PINS 86 120 89 59 9 121 77 94 82 16 8 49 87 40 90 51 84 17 102 32 66 100 91 31 72 119 11 13 48 58 61 14 111 41 123 117 110 75 73 24 10 78 50 83 115 37 125 27 88 54 64 79 2 70 47 112 67 39 122 76 104 107 109 19 116 12 34 5 21 62 0 126 81 25 18 106 7 93 118 20 127 43 114 15 68 99 22 63 96 35 30 57 80 46 52 113
LAYER 16 96 254803968
TENSOR ffn_down_exps 6533233664 884736
TENSOR ffn_gate_exps 6646479872 884736
TENSOR ffn_up_exps 6760782848 884736
PINS 9 11 30 50 89 24 16 78 103 40 83 84 80 65 4 115 94 75 26 98 23 126 14 57 1 37 76 91 85 35 18 102 17 119 113 101 97 21 32 41 51 87 22 108 68 127 70 117 19 13 81 64 6 53 62 110 34 33 93 73 111 28 122 66 42 58 71 29 49 55 88 69 82 63 105 77 56 36 31 79 96 47 48 72 86 12 118 120 45 123 67 7 39 3 100 52
LAYER 17 96 293732352
TENSOR ffn_down_exps 6884925440 1290240
TENSOR ffn_gate_exps 7050076160 884736
TENSOR ffn_up_exps 7164379136 884736
PINS 120 18 9 112 58 82 79 83 49 68 66 62 61 123 92 102 78 114 104 84 116 87 27 121 22 89 105 52 72 73 80 100 14 8 37 70 16 63 13 53 55 28 25 39 95 94 126 113 91 71 86 81 93 46 127 88 54 60 64 4 43 1 122 34 107 10 36 17 23 6 12 75 106 65 0 40 77 32 24 29 15 30 108 96 110 33 59 125 47 56 50 3 26 103 5 2
LAYER 18 96 254803968
TENSOR ffn_down_exps 7288251392 884736
TENSOR ffn_gate_exps 7401497600 884736
TENSOR ffn_up_exps 7515800576 884736
PINS 116 28 101 71 127 37 63 64 25 0 8 119 86 3 46 39 74 125 22 44 23 7 99 87 109 67 26 4 96 54 97 16 32 48 90 114 62 13 38 58 27 51 79 20 53 33 121 66 41 59 76 47 68 89 52 98 65 75 117 6 31 40 72 108 70 100 104 106 112 84 61 80 15 49 34 102 50 103 93 29 124 94 55 120 92 18 14 1 19 122 95 69 77 9 21 57
LAYER 19 96 254803968
TENSOR ffn_down_exps 7639672832 884736
TENSOR ffn_gate_exps 7752919040 884736
TENSOR ffn_up_exps 7867222016 884736
PINS 94 109 66 45 21 82 22 125 59 36 6 73 106 33 9 88 41 1 110 18 4 25 79 31 93 24 44 28 38 12 104 11 2 86 53 32 116 108 5 115 48 89 67 124 118 56 47 26 69 58 71 97 75 10 92 122 68 27 113 7 30 76 78 14 83 105 20 13 87 39 35 61 85 17 119 81 120 63 52 91 114 99 29 90 126 64 51 96 84 3 100 19 72 40 127 123
LAYER 20 96 293732352
TENSOR ffn_down_exps 7991364608 1290240
TENSOR ffn_gate_exps 8156515328 884736
TENSOR ffn_up_exps 8270818304 884736
PINS 38 22 86 80 105 61 82 67 3 45 17 72 124 21 104 69 24 56 55 57 111 46 33 13 91 48 126 47 90 6 42 15 2 8 100 88 4 5 78 97 93 51 74 62 92 32 29 110 37 70 127 60 117 119 76 118 101 116 108 123 23 114 115 53 96 0 26 95 68 102 94 7 106 107 18 120 9 27 43 49 20 65 122 40 85 1 98 28 99 44 54 25 77 31 63 125
LAYER 21 96 254803968
TENSOR ffn_down_exps 8394690560 884736
TENSOR ffn_gate_exps 8507936768 884736
TENSOR ffn_up_exps 8622239744 884736
PINS 82 66 89 69 32 80 49 106 10 91 57 97 71 96 2 99 87 70 81 0 52 5 64 43 58 25 24 59 92 56 77 17 84 19 7 126 37 75 94 27 38 78 124 79 65 123 15 23 111 60 6 68 114 86 4 35 109 108 63 55 41 44 21 95 12 51 33 76 11 36 40 105 50 1 62 46 116 85 34 14 115 118 72 122 30 53 121 104 73 26 102 113 67 20 103 61
LAYER 22 96 254803968
TENSOR ffn_down_exps 8746112000 884736
TENSOR ffn_gate_exps 8859358208 884736
TENSOR ffn_up_exps 8973661184 884736
PINS 69 98 85 35 43 26 58 30 29 112 2 9 94 3 41 91 25 80 70 110 126 59 111 33 50 71 109 7 5 97 16 120 10 92 40 103 74 21 75 8 13 37 20 22 32 18 82 52 54 88 34 86 0 66 84 115 55 116 122 15 125 42 17 67 73 99 38 118 72 76 77 65 45 23 121 124 1 14 89 127 81 53 51 19 68 114 104 95 28 96 12 60 48 78 63 57
LAYER 23 96 293732352
TENSOR ffn_down_exps 9097803776 1290240
TENSOR ffn_gate_exps 9262954496 884736
TENSOR ffn_up_exps 9377257472 884736
PINS 96 21 60 33 59 81 43 68 79 37 124 30 55 107 14 39 99 25 18 64 112 20 7 109 4 101 111 108 71 41 11 94 65 92 102 31 78 51 105 13 50 116 121 12 73 28 6 70 62 120 0 5 118 104 82 8 66 48 100 95 58 87 77 117 38 15 2 3 53 34 36 40 42 97 76 17 84 126 114 75 16 46 85 22 83 127 72 106 29 69 52 26 90 125 32 89
LAYER 24 96 254803968
TENSOR ffn_down_exps 9501129728 884736
TENSOR ffn_gate_exps 9614375936 884736
TENSOR ffn_up_exps 9728678912 884736
PINS 46 102 32 65 27 52 85 2 50 75 17 113 127 22 111 119 112 9 37 14 73 95 62 87 28 124 24 125 34 123 29 78 44 40 115 8 59 41 26 84 105 61 42 97 16 49 101 20 90 60 7 126 74 98 91 57 36 53 45 103 18 89 120 116 110 51 4 92 47 100 121 56 6 54 0 64 33 69 76 21 77 5 106 11 107 30 122 67 108 19 12 118 38 43 39 31
LAYER 25 96 254803968
TENSOR ffn_down_exps 9852551168 884736
TENSOR ffn_gate_exps 9965797376 884736
TENSOR ffn_up_exps 10080100352 884736
PINS 104 45 92 49 82 2 61 91 124 73 120 77 71 0 93 29 31 51 10 52 127 12 59 78 112 119 14 103 95 106 42 101 122 102 24 47 41 27 20 36 25 66 68 5 53 81 113 105 111 84 99 97 50 62 83 37 44 125 26 43 8 13 87 89 116 90 117 35 11 75 79 19 57 85 48 56 74 1 110 34 7 23 80 94 126 121 40 67 70 4 17 76 69 16 72 6
LAYER 26 96 293732352
TENSOR ffn_down_exps 10204242944 1290240
TENSOR ffn_gate_exps 10369393664 884736
TENSOR ffn_up_exps 10483696640 884736
PINS 38 36 115 16 75 37 76 92 64 102 125 107 44 55 53 95 110 108 99 22 91 26 62 77 89 23 87 47 105 74 6 88 31 69 80 93 121 2 24 109 7 82 9 66 29 50 57 101 5 0 3 15 70 33 111 40 86 104 61 8 94 85 114 54 84 30 45 13 19 124 35 103 120 46 71 83 60 81 14 96 42 34 59 51 49 68 79 78 25 27 18 10 72 4 73 112
LAYER 27 96 254803968
TENSOR ffn_down_exps 10607568896 884736
TENSOR ffn_gate_exps 10720815104 884736
TENSOR ffn_up_exps 10835118080 884736
PINS 120 89 86 59 9 121 82 8 77 94 87 16 40 51 90 32 17 110 13 0 102 11 25 73 119 46 49 84 61 117 98 72 100 75 18 91 24 125 34 58 111 14 106 68 115 81 48 64 116 83 37 107 99 7 54 123 76 27 41 109 118 79 104 112 55 6 31 2 39 88 60 66 67 10 50 126 21 19 78 20 103 3 26 63 96 1 113 12 80 22 33 69 30 43 122 57
LAYER 28 96 254803968
TENSOR ffn_down_exps 10958990336 884736
TENSOR ffn_gate_exps 11072236544 884736
TENSOR ffn_up_exps 11186539520 884736
PINS 9 24 30 78 83 16 80 57 94 50 75 4 84 14 11 23 26 65 89 18 82 76 123 32 85 103 113 102 40 37 6 35 13 119 93 91 108 110 1 33 28 127 79 22 68 70 101 111 60 117 55 97 98 115 19 29 126 64 87 88 66 12 73 53 51 45 109 96 56 77 41 42 58 86 21 34 122 44 17 52 15 20 39 105 114 72 7 49 63 25 121 69 71 107 81 8
LAYER 29 96 293732352
TENSOR ffn_down_exps 11310682112 1290240
TENSOR ffn_gate_exps 11475832832 884736
TENSOR ffn_up_exps 11590135808 884736
PINS 82 79 18 62 112 9 58 22 68 120 92 49 66 83 121 100 84 17 102 73 114 27 54 116 14 12 89 53 80 13 61 104 36 16 34 8 93 29 87 106 123 28 37 25 85 81 77 46 52 32 64 6 30 107 15 63 60 78 113 91 23 95 94 65 1 2 39 71 26 101 4 75 126 48 0 105 24 86 125 40 50 127 103 69 47 115 45 96 99 56 59 88 19 51 111 3
LAYER 30 96 254803968
TENSOR ffn_down_exps 11714008064 884736
TENSOR ffn_gate_exps 11827254272 884736
TENSOR ffn_up_exps 11941557248 884736
PINS 101 0 28 116 63 25 127 37 64 46 97 23 99 7 22 125 87 62 71 16 119 67 39 4 3 86 32 26 54 44 38 74 100 96 114 33 20 79 89 109 52 76 75 68 27 110 90 41 48 104 47 18 50 31 98 6 9 117 77 40 58 53 94 51 57 121 55 80 10 108 124 19 66 65 84 103 93 106 13 8 36 34 59 115 72 14 70 29 49 61 88 92 15 102 95 1
LAYER 31 96 254803968
TENSOR ffn_down_exps 12065429504 884736
TENSOR ffn_gate_exps 12178675712 884736
TENSOR ffn_up_exps 12292978688 884736
PINS 94 21 22 66 125 36 106 82 33 86 1 45 73 89 44 4 109 5 38 41 11 93 9 118 2 108 67 6 116 110 25 53 32 79 28 18 31 104 47 24 61 113 83 35 56 12 59 63 88 17 58 48 13 68 124 20 30 26 27 122 97 71 105 69 10 100 51 78 7 14 120 92 76 85 40 64 91 84 87 34 115 96 114 3 127 39 65 102 99 29 62 60 50 117 90 126
LAYER 32 96 293732352
TENSOR ffn_down_exps 12417121280 1290240
TENSOR ffn_gate_exps 12582272000 884736
TENSOR ffn_up_exps 12696574976 884736
PINS 38 82 86 104 22 61 80 3 17 105 67 55 56 69 42 13 91 21 46 6 15 126 33 24 90 5 45 106 47 111 100 53 95 97 101 4 72 8 44 124 62 29 32 110 57 2 93 127 78 51 74 116 119 43 48 117 37 108 115 76 70 88 96 118 94 99 60 0 27 20 14 92 103 107 7 123 122 68 18 98 23 120 28 35 102 114 40 36 31 64 1 25 109 54 26 71
LAYER 33 96 254803968
TENSOR ffn_down_exps 12820447232 884736
TENSOR ffn_gate_exps 12933693440 884736
TENSOR ffn_up_exps 13047996416 884736
PINS 66 82 89 57 71 49 106 96 32 97 24 10 99 52 80 69 91 5 70 79 1 0 81 23 43 7 60 103 27 40 86 118 2 15 76 126 64 37 123 102 87 68 105 94 75 35 38 59 33 41 17 6 56 111 65 58 114 109 92 77 124 108 25 78 34 116 12 72 127 113 51 21 46 44 54 62 104 63 19 4 95 26 121 11 9 112 117 20 28 73 67 36 53 48 85 22
LAYER 34 96 254803968
TENSOR ffn_down_exps 13171868672 884736
TENSOR ffn_gate_exps 13285114880 884736
TENSOR ffn_up_exps 13399417856 884736
PINS 43 85 69 2 35 98 71 41 9 30 26 55 25 111 94 112 91 33 50 40 126 58 120 13 29 88 32 86 18 82 70 110 52 103 109 37 15 76 73 3 10 74 80 0 97 59 21 65 66 20 22 113 5 115 124 99 92 14 75 45 8 34 7 89 84 104 67 119 16 127 95 96 39 77 42 72 1 64 54 116 118 100 23 101 81 17 51 122 47 60 107 12 38 102 125 61
LAYER 35 96 293732352
TENSOR ffn_down_exps 13523560448 1290240
TENSOR ffn_gate_exps 13688711168 884736
TENSOR ffn_up_exps 13803014144 884736
PINS 96 68 79 21 43 30 60 81 25 33 18 37 99 39 59 92 55 36 109 102 124 94 29 41 73 111 126 50 20 107 101 48 116 108 0 118 64 7 14 28 85 8 105 115 58 87 13 51 12 121 46 65 38 112 11 6 78 2 34 62 42 71 114 22 69 70 86 89 16 17 40 100 120 97 104 66 77 15 76 122 117 95 52 26 83 127 90 75 82 3 56 1 19 61 53 49
LAYER 36 96 254803968
TENSOR ffn_down_exps 13926886400 884736
TENSOR ffn_gate_exps 14040132608 884736
TENSOR ffn_up_exps 14154435584 884736
PINS 52 102 46 32 27 2 73 14 113 75 85 17 87 112 127 65 28 9 62 123 97 42 29 24 50 111 115 84 22 121 36 95 61 34 90 69 44 124 125 51 26 74 7 92 8 119 91 43 45 101 67 105 56 80 59 98 116 6 100 37 18 53 20 16 114 40 76 103 0 38 12 49 1 126 110 47 4 41 57 107 25 58 31 77 60 15 30 120 118 89 70 21 78 94 106 63
LAYER 37 96 254803968
TENSOR ffn_down_exps 14278307840 884736
TENSOR ffn_gate_exps 14391554048 884736
TENSOR ffn_up_exps 14505857024 884736
PINS 104 92 124 101 73 45 61 127 91 2 120 52 10 29 103 106 5 82 12 40 49 77 102 78 0 14 93 59 71 42 112 27 53 36 119 51 89 95 31 66 24 79 62 111 125 47 44 25 84 37 50 70 80 68 122 16 110 105 113 87 41 4 116 75 57 76 83 20 109 123 115 23 8 11 85 21 26 18 43 117 13 28 6 63 97 48 98 7 72 81 34 64 90 121 32 35
LAYER 38 96 293732352
TENSOR ffn_down_exps 14629999616 1290240
TENSOR ffn_gate_exps 14795150336 884736
TENSOR ffn_up_exps 14909453312 884736
PINS 55 115 36 16 38 75 102 37 87 22 64 26 107 95 44 108 53 76 7 3 92 89 57 110 69 34 77 88 82 109 6 86 91 23 74 93 33 99 105 62 111 31 47 24 66 2 14 81 0 80 15 29 112 68 70 61 40 71 46 103 73 52 60 25 5 9 125 13 94 18 50 30 84 120 4 124 35 20 51 45 101 1 96 49 85 8 79 98 10 21 114 121 48 97 11 90
LAYER 39 96 254803968
TENSOR ffn_down_exps 15033325568 884736
TENSOR ffn_gate_exps 15146571776 884736
TENSOR ffn_up_exps 15260874752 884736
PINS 120 9 89 121 59 77 82 86 40 51 94 61 8 16 90 110 49 13 69 11 54 87 25 37 46 7 125 116 0 102 84 17 104 83 55 78 1 48 6 126 98 73 14 117 81 31 57 103 123 100 32 113 91 72 66 76 70 106 18 75 71 60 111 27 41 53 80 22 47 35 115 2 107 95 34 20 50 85 58 10 99 112 30 93 109 39 67 5 96 21 56 68 24 63 118 62
LAYER 40 96 254803968
TENSOR ffn_down_exps 15384747008 884736
TENSOR ffn_gate_exps 15497993216 884736
TENSOR ffn_up_exps 15612296192 884736
PINS 16 9 50 65 94 115 80 84 105 83 102 89 127 13 30 24 75 11 93 85 40 78 32 57 4 14 22 26 28 117 23 101 6 35 79 108 45 18 103 33 82 123 76 60 37 113 111 126 114 17 54 62 70 55 1 67 110 119 98 109 97 29 41 44 36 58 68 77 12 15 59 100 91 66 53 73 52 34 88 81 51 56 3 87 39 21 19 48 72 63 122 64 27 42 124 49
LAYER 41 96 293732352
TENSOR ffn_down_exps 15736438784 1290240
TENSOR ffn_gate_exps 15901589504 884736
TENSOR ffn_up_exps 16015892480 884736
PINS 9 112 18 49 82 62 54 120 58 106 121 81 72 92 102 17 46 53 113 6 68 1 84 100 79 103 11 99 93 80 83 115 85 28 77 34 73 89 25 36 26 22 114 116 13 61 69 30 29 5 86 127 78 71 48 15 52 66 122 104 87 39 37 64 56 10 123 23 75 90 65 47 63 0 126 8 60 16 32 91 117 21 45 27 12 31 111 50 101 96 105 33 94 108 40 2
LAYER 42 96 293732352
TENSOR ffn_down_exps 16140035072 1290240
TENSOR ffn_gate_exps 16305185792 884736
TENSOR ffn_up_exps 16419488768 884736
PINS 112 16 8 23 66 25 106 3 2 38 123 36 80 32 24 74 28 14 71 97 70 52 18 73 4 59 86 55 12 115 10 64 43 61 17 1 27 76 77 75 39 125 41 47 7 92 81 57 109 69 31 98 120 94 19 113 83 68 30 124 90 9 22 49 126 20 72 96 54 114 50 84 95 127 103 46 33 60 34 105 58 35 37 5 21 111 100 116 117 99 79 78 119 42 63 88
LAYER 43 96 293732352
TENSOR ffn_down_exps 16543631360 1290240
TENSOR ffn_gate_exps 16708782080 884736
TENSOR ffn_up_exps 16823085056 884736
PINS 127 44 100 56 97 52 120 18 2 75 112 70 74 26 104 80 36 77 16 43 114 57 27 78 83 55 42 72 87 85 29 20 17 41 45 94 5 30 58 12 68 48 63 8 96 19 121 102 3 53 37 65 46 24 9 110 7 49 108 59 54 86 93 91 50 125 47 82 111 21 60 31 99 88 89 40 22 124 92 122 61 117 33 25 38 39 13 32 79 34 98 51 115 69 119 81
LAYER 44 96 293732352
TENSOR ffn_down_exps 16947227648 1290240
TENSOR ffn_gate_exps 17112378368 884736
TENSOR ffn_up_exps 17226681344 884736
PINS 22 38 27 83 98 11 29 44 39 6 108 121 81 116 72 23 107 69 104 26 62 122 84 37 99 60 120 92 66 3 88 8 47 73 9 30 5 42 101 14 17 12 94 33 70 52 36 25 100 53 1 96 65 59 45 90 80 89 113 21 64 97 79 19 7 40 56 13 110 117 32 127 15 54 126 43 34 24 114 125 118 41 18 105 109 58 123 68 82 49 0 16 76 63 91 95
LAYER 45 96 293732352
TENSOR ffn_down_exps 17350823936 1290240
TENSOR ffn_gate_exps 17515974656 884736
TENSOR ffn_up_exps 17630277632 884736
PINS 10 30 22 26 24 76 107 101 45 4 48 53 18 63 12 84 37 1 89 121 81 92 119 88 33 42 120 123 93 8 104 77 16 117 85 32 67 34 114 38 113 54 94 15 27 17 98 36 86 87 35 82 19 7 73 51 46 21 41 56 5 2 20 115 112 100 47 23 29 124 83 71 125 31 103 28 80 105 3 6 40 108 58 14 61 116 13 127 49 62 60 72 65 111 126 99
LAYER 46 96 293732352
TENSOR ffn_down_exps 17754420224 1290240
TENSOR ffn_gate_exps 17919570944 884736
TENSOR ffn_up_exps 18033873920 884736
PINS 36 60 19 104 51 116 33 75 52 26 117 98 22 92 103 14 127 68 81 54 43 45 76 61 55 49 3 37 66 102 97 84 44 109 46 11 0 53 113 94 82 38 20 18 80 90 30 74 123 29 96 5 35 99 77 83 101 71 124 110 119 1 39 105 57 85 64 2 23 10 93 118 9 111 69 58 106 63 7 40 122 107 125 62 17 16 4 34 70 21 28 24 88 32 67 41
